A = [2 6 ;3 9]
B = [1 2;3 4]
C = [-5 5; 5 3]
G = zeros(6,6)
G(1:2,1:2) = A;
G(3:4,3:4) = B;
G(5:6,5:6) = C;
G
